[gd_scene format=3 uid="uid://cp4rp4iwyvk73"]

[ext_resource type="PackedScene" uid="uid://bs72ogkvdd7d6" path="res://addons/proto_controller/proto_controller.tscn" id="1_bpt1m"]
[ext_resource type="PackedScene" uid="uid://covo8gysc4lac" path="res://scenes/meshes/ceiling.tscn" id="2_4lj41"]
[ext_resource type="PackedScene" uid="uid://ch0eumkl5slfa" path="res://scenes/meshes/empty doorway_wall.tscn" id="3_j60wy"]
[ext_resource type="PackedScene" uid="uid://dj0ga2kcf7xc6" path="res://scenes/meshes/wall.tscn" id="4_qgxqk"]
[ext_resource type="PackedScene" uid="uid://cm4iiya0pxatl" path="res://scenes/meshes/wall_corner.tscn" id="5_t0ybu"]
[ext_resource type="PackedScene" uid="uid://c8x0tv0mclgjh" path="res://scenes/meshes/wood_floor.tscn" id="6_qgxqk"]
[ext_resource type="PackedScene" uid="uid://8sksx8wjeuac" path="res://scenes/meshes/stone_floor.tscn" id="7_1b6n0"]
[ext_resource type="PackedScene" uid="uid://bm2acrgebkjd5" path="res://scenes/meshes/arched_window_wall.tscn" id="8_llcge"]
[ext_resource type="PackedScene" uid="uid://b8n13durfg037" path="res://scenes/meshes/tsplit_wall.tscn" id="9_llcge"]
[ext_resource type="PackedScene" uid="uid://b5hvg7gtkface" path="res://scenes/meshes/pillar.tscn" id="10_lwi15"]
[ext_resource type="PackedScene" uid="uid://hqxs5yta8uyl" path="res://scenes/meshes/mounted_torch.tscn" id="11_e6mo4"]
[ext_resource type="PackedScene" uid="uid://c3wnvbu0lxv1d" path="res://scenes/meshes/spike.tscn" id="12_px6rj"]

[sub_resource type="ProceduralSkyMaterial" id="ProceduralSkyMaterial_bpt1m"]
sky_horizon_color = Color(0.66224277, 0.6717428, 0.6867428, 1)
ground_horizon_color = Color(0.66224277, 0.6717428, 0.6867428, 1)

[sub_resource type="Sky" id="Sky_4lj41"]
sky_material = SubResource("ProceduralSkyMaterial_bpt1m")

[sub_resource type="Environment" id="Environment_mofoo"]
background_mode = 2
sky = SubResource("Sky_4lj41")
tonemap_mode = 2
glow_enabled = true

[sub_resource type="BoxShape3D" id="BoxShape3D_lwi15"]
size = Vector3(2.5, 0.5, 3.5)

[node name="Level01" type="Node3D" unique_id=1765954678]

[node name="WorldEnvironment" type="WorldEnvironment" parent="." unique_id=1272272673]
environment = SubResource("Environment_mofoo")

[node name="DirectionalLight3D" type="DirectionalLight3D" parent="." unique_id=96701969]
transform = Transform3D(-0.8660254, -0.43301278, 0.25, 0, 0.49999997, 0.86602545, -0.50000006, 0.75, -0.43301266, 0, 8.577936, 0)
shadow_enabled = true

[node name="ProtoController" parent="." unique_id=187703809 instance=ExtResource("1_bpt1m")]
transform = Transform3D(1, 0, 0, 0, 1, 0, 0, 0, 1, 0, 1.3357178, 0)
input_left = "move_left"
input_right = "move_right"
input_forward = "move_forward"
input_back = "move_backward"
input_jump = "jump"

[node name="Blockout" type="CSGCombiner3D" parent="." unique_id=262669800]
visible = false

[node name="holder temp" type="CSGBox3D" parent="Blockout" unique_id=1513167933]
transform = Transform3D(1, 0, 0, 0, 1, 0, 0, 0, 1, 0, -6, 0)

[node name="Floor" type="CSGBox3D" parent="Blockout" unique_id=1471673476]
visible = false
size = Vector3(50, 1, 50)

[node name="Walls" type="CSGBox3D" parent="Blockout" unique_id=2058919000]
transform = Transform3D(1, 0, 0, 0, 1, 0, 0, 0, 1, 0, -6, 0)
visible = false

[node name="CSGBox3D" type="CSGBox3D" parent="Blockout/Walls" unique_id=1307365379]
transform = Transform3D(1, 0, 0, 0, 1, 0, 0, 0, 1, 0, 14.5, 24.5)
size = Vector3(50, 18, 1)

[node name="CSGBox3D2" type="CSGBox3D" parent="Blockout/Walls" unique_id=754666104]
transform = Transform3D(1, 0, 0, 0, 1, 0, 0, 0, 1, 0, 14.5, -24.5)
size = Vector3(50, 18, 1)

[node name="CSGBox3D3" type="CSGBox3D" parent="Blockout/Walls" unique_id=494864036]
transform = Transform3D(1, 0, 0, 0, 1, 0, 0, 0, 1, 24.5, 14.5, 0)
size = Vector3(1, 18, 48)

[node name="CSGBox3D4" type="CSGBox3D" parent="Blockout/Walls" unique_id=500840587]
transform = Transform3D(1, 0, 0, 0, 1, 0, 0, 0, 1, -24.5, 14.5, 0)
size = Vector3(1, 18, 48)

[node name="Ramps" type="CSGBox3D" parent="Blockout" unique_id=589544360]
transform = Transform3D(1, 0, 0, 0, 1, 0, 0, 0, 1, 0, -6, 0)

[node name="CSGBox3D" type="CSGBox3D" parent="Blockout/Ramps" unique_id=1282364679]
transform = Transform3D(1, 0, 0, 0, 1, 0, 0, 0, 1, 0, 8, 19)
visible = false
size = Vector3(48, 3, 10)

[node name="CSGPolygon3D" type="CSGPolygon3D" parent="Blockout/Ramps" unique_id=1245772302]
transform = Transform3D(-4.371139e-08, 0, 1, 0, 1, 0, -1, 0, -4.371139e-08, -16, 6.5, 14)
polygon = PackedVector2Array(0, 0, 0, 3, 16, 0)
depth = 8.0

[node name="CSGPolygon3D2" type="CSGPolygon3D" parent="Blockout/Ramps" unique_id=1628861002]
transform = Transform3D(-4.371139e-08, 0, 1, 0, 1, 0, -1, 0, -4.371139e-08, 24, 6.5, 14)
polygon = PackedVector2Array(0, 0, 0, 3, 16, 0)
depth = 8.0

[node name="Ramp House" type="CSGBox3D" parent="Blockout" unique_id=1915116875]
transform = Transform3D(1, 0, 0, 0, 1, 0, 0, 0, 1, 0, -6, 0)
visible = false

[node name="arch" type="CSGBox3D" parent="Blockout/Ramp House" unique_id=626578923]
transform = Transform3D(1, 0, 0, 0, 1, 0, 0, 0, 1, 10, 12, 19)
size = Vector3(1, 5, 10)

[node name="CSGBox3D" type="CSGBox3D" parent="Blockout/Ramp House/arch" unique_id=981753343]
transform = Transform3D(1, 0, 0, 0, 1, 0, 0, 0, 1, 0, -1, 0)
operation = 2
size = Vector3(2, 3, 2)

[node name="CSGCylinder3D" type="CSGCylinder3D" parent="Blockout/Ramp House/arch" unique_id=1973430585]
transform = Transform3D(-4.371139e-08, 1, 0, -1, -4.371139e-08, 0, 0, 0, 1, -0.0625, 0.5, 0)
operation = 2
radius = 1.0
height = 1.625
sides = 16

[node name="arch2" type="CSGBox3D" parent="Blockout/Ramp House" unique_id=411092400]
transform = Transform3D(1, 0, 0, 0, 1, 0, 0, 0, 1, -10, 12, 19)
size = Vector3(1, 5, 10)

[node name="CSGBox3D" type="CSGBox3D" parent="Blockout/Ramp House/arch2" unique_id=1811722294]
transform = Transform3D(1, 0, 0, 0, 1, 0, 0, 0, 1, 0, -1, 0)
operation = 2
size = Vector3(2, 3, 2)

[node name="CSGCylinder3D" type="CSGCylinder3D" parent="Blockout/Ramp House/arch2" unique_id=1051872239]
transform = Transform3D(-4.371139e-08, 1, 0, -1, -4.371139e-08, 0, 0, 0, 1, -0.0625, 0.5, 0)
operation = 2
radius = 1.0
height = 1.625
sides = 16

[node name="CSGBox3D3" type="CSGBox3D" parent="Blockout/Ramp House" unique_id=415230053]
transform = Transform3D(1, 0, 0, 0, 1, 0, 0, 0, 1, 0, 12, 14.5)
size = Vector3(19, 5, 1)

[node name="roof" type="CSGBox3D" parent="Blockout/Ramp House" unique_id=432958466]
transform = Transform3D(1, 0, 0, 0, 1, 0, 0, 0, 1, 0, 15, 19)
size = Vector3(21, 1, 10)

[node name="CSGBox3D5" type="CSGBox3D" parent="Blockout/Ramp House" unique_id=2120645842]
transform = Transform3D(1, 0, 0, 0, 1, 0, 0, 0, 1, 0, 12, 23.5)
size = Vector3(19, 5, 1)

[node name="Wings" type="CSGBox3D" parent="Blockout" unique_id=1722285912]
transform = Transform3D(1, 0, 0, 0, 1, 0, 0, 0, 1, 0, -6, 0)

[node name="left platform" type="CSGBox3D" parent="Blockout/Wings" unique_id=798435215]
transform = Transform3D(1, 0, 0, 0, 1, 0, 0, 0, 1, -19.375, 15, -13.5)
size = Vector3(9.25, 1, 21)

[node name="left ramp" type="CSGPolygon3D" parent="Blockout/Wings" unique_id=1604772198]
transform = Transform3D(-1, 0, 2.6226832e-07, 0, 1, 0, -2.6226832e-07, 0, -1, -8.25, 6.5, -24)
polygon = PackedVector2Array(-4, 4.5, 6.5, 9, 6.5, 0, -4, 0)
depth = 8.0

[node name="center ramp" type="CSGPolygon3D" parent="Blockout/Wings" unique_id=905024302]
transform = Transform3D(1.3113416e-07, 0, 1, 0, 1, 0, -1, 0, 1.3113416e-07, 3.7499995, 2, -9.5)
polygon = PackedVector2Array(-5, 4.5, 6.5, 9, 14.5, 9, 14.5, 4.5, 6.5, 4.5)
depth = 8.0

[node name="right ramp" type="CSGPolygon3D" parent="Blockout/Wings" unique_id=2052496735]
transform = Transform3D(1, 0, -1.7484555e-07, 0, 1, 0, 1.7484555e-07, 0, 1, 7.7499995, 6.5, -16)
polygon = PackedVector2Array(-4, 4.5, 6.5, 9, 6.5, 0, -4, 0)
depth = 8.0

[node name="right platform" type="CSGBox3D" parent="Blockout/Wings" unique_id=107873510]
transform = Transform3D(-1, 0, 8.742278e-08, 0, 1, 0, -8.742278e-08, 0, -1, 19, 15, -13.5)
size = Vector3(9.5, 1, 21)

[node name="center vertical" type="CSGBox3D" parent="Blockout/Wings" unique_id=253715353]
transform = Transform3D(-1, 0, 8.742278e-08, 0, 1, 0, -8.742278e-08, 0, -1, 1.7484555e-07, 15, 5.5)
size = Vector3(9.5, 1, 17)

[node name="center horizonal" type="CSGBox3D" parent="Blockout/Wings" unique_id=1371743348]
transform = Transform3D(-1, 0, 8.742278e-08, 0, 1, 0, -8.742278e-08, 0, -1, 0, 15, -7.5)
size = Vector3(30, 1, 9)

[node name="Lighting" type="CSGBox3D" parent="Blockout" unique_id=1408270708]
transform = Transform3D(1, 0, 0, 0, 1, 0, 0, 0, 1, 0, -6, 0)

[node name="torch" type="CSGBox3D" parent="Blockout/Lighting" unique_id=1702303685]
transform = Transform3D(0.8660254, -0.5, 0, 0.5, 0.8660254, 0, 0, 0, 1, -10.625, 11.783493, 20.5)
size = Vector3(0.25, 1.5, 0.25)

[node name="OmniLight3D" type="OmniLight3D" parent="Blockout/Lighting/torch" unique_id=883596993]
transform = Transform3D(1, 0, 0, 0, 1, 0, 0, 0, 1, 0.22022152, 1.0833321, 0)
light_color = Color(0.5833256, 0.35571384, 3.85046e-07, 1)
omni_range = 3.0

[node name="torch2" type="CSGBox3D" parent="Blockout/Lighting" unique_id=854004651]
transform = Transform3D(0.8660254, -0.5, 0, 0.5, 0.8660254, 0, 0, 0, 1, -10.625, 11.783493, 17.5)
size = Vector3(0.25, 1.5, 0.25)

[node name="OmniLight3D" type="OmniLight3D" parent="Blockout/Lighting/torch2" unique_id=908195689]
transform = Transform3D(1, 0, 0, 0, 1, 0, 0, 0, 1, 0.22022152, 1.0833321, 0)
light_color = Color(0.5833256, 0.35571384, 3.85046e-07, 1)
omni_range = 3.0

[node name="torch7" type="CSGBox3D" parent="Blockout/Lighting" unique_id=1855768920]
transform = Transform3D(0.8660254, -0.5, 0, 0.5, 0.8660254, 0, 0, 0, 1, 9.375, 11.783493, 20.5)
size = Vector3(0.25, 1.5, 0.25)

[node name="OmniLight3D" type="OmniLight3D" parent="Blockout/Lighting/torch7" unique_id=544121]
transform = Transform3D(1, 0, 0, 0, 1, 0, 0, 0, 1, 0.22022152, 1.0833321, 0)
light_color = Color(0.5833256, 0.35571384, 3.85046e-07, 1)
omni_range = 3.0

[node name="torch8" type="CSGBox3D" parent="Blockout/Lighting" unique_id=1844649731]
transform = Transform3D(0.8660254, -0.5, 0, 0.5, 0.8660254, 0, 0, 0, 1, 9.375, 11.783493, 17.5)
size = Vector3(0.25, 1.5, 0.25)

[node name="OmniLight3D" type="OmniLight3D" parent="Blockout/Lighting/torch8" unique_id=2098825959]
transform = Transform3D(1, 0, 0, 0, 1, 0, 0, 0, 1, 0.22022152, 1.0833321, 0)
light_color = Color(0.5833256, 0.35571384, 3.85046e-07, 1)
omni_range = 3.0

[node name="torch3" type="CSGBox3D" parent="Blockout/Lighting" unique_id=600499549]
transform = Transform3D(-0.8660254, 0.5, 8.742278e-08, 0.5, 0.8660254, 0, -7.5710346e-08, 4.371139e-08, -1, 10.587429, 11.783493, 17.5)
size = Vector3(0.25, 1.5, 0.25)

[node name="OmniLight3D" type="OmniLight3D" parent="Blockout/Lighting/torch3" unique_id=2098939155]
transform = Transform3D(1, -3.3094043e-15, 0, -3.3094043e-15, 1, 0, 0, 0, 1, 0.22022152, 1.0833321, 1.9073486e-06)
light_color = Color(0.5833256, 0.35571384, 3.85046e-07, 1)
omni_range = 3.0

[node name="torch4" type="CSGBox3D" parent="Blockout/Lighting" unique_id=506031004]
transform = Transform3D(-0.8660254, 0.5, 8.742278e-08, 0.5, 0.8660254, 0, -7.5710346e-08, 4.371139e-08, -1, 10.587429, 11.783493, 20.5)
size = Vector3(0.25, 1.5, 0.25)

[node name="OmniLight3D" type="OmniLight3D" parent="Blockout/Lighting/torch4" unique_id=1758248415]
transform = Transform3D(1, -3.3094043e-15, 0, -3.3094043e-15, 1, 0, 0, 0, 1, 0.22022152, 1.0833321, 3.8146973e-06)
light_color = Color(0.5833256, 0.35571384, 3.85046e-07, 1)
omni_range = 3.0

[node name="torch5" type="CSGBox3D" parent="Blockout/Lighting" unique_id=1505003176]
transform = Transform3D(-0.8660254, 0.5, 8.742278e-08, 0.5, 0.8660254, 0, -7.5710346e-08, 4.371139e-08, -1, -9.324219, 11.783493, 17.5)
size = Vector3(0.25, 1.5, 0.25)

[node name="OmniLight3D" type="OmniLight3D" parent="Blockout/Lighting/torch5" unique_id=2143655329]
transform = Transform3D(1, -3.3094043e-15, 0, -3.3094043e-15, 1, 0, 0, 0, 1, 0.22022152, 1.0833321, 1.9073486e-06)
light_color = Color(0.5833256, 0.35571384, 3.85046e-07, 1)
omni_range = 3.0

[node name="torch6" type="CSGBox3D" parent="Blockout/Lighting" unique_id=326920747]
transform = Transform3D(-0.8660254, 0.5, 8.742278e-08, 0.5, 0.8660254, 0, -7.5710346e-08, 4.371139e-08, -1, -9.324219, 11.783493, 20.5)
size = Vector3(0.25, 1.5, 0.25)

[node name="OmniLight3D" type="OmniLight3D" parent="Blockout/Lighting/torch6" unique_id=886181133]
transform = Transform3D(1, -3.3094043e-15, 0, -3.3094043e-15, 1, 0, 0, 0, 1, 0.22022152, 1.0833321, 3.8146973e-06)
light_color = Color(0.5833256, 0.35571384, 3.85046e-07, 1)
omni_range = 3.0

[node name="torch9" type="CSGBox3D" parent="Blockout/Lighting" unique_id=266580575]
transform = Transform3D(-1, 0, 7.5710346e-08, 0, 1, 4.371139e-08, -7.5710346e-08, 4.371139e-08, -1, 0, 10.533, 16.566)
size = Vector3(0.25, 2, 0.25)

[node name="OmniLight3D" type="OmniLight3D" parent="Blockout/Lighting/torch9" unique_id=1730951385]
transform = Transform3D(1, 6.6188086e-15, 0, -3.3094043e-15, 1, 0, 0, 0, 1, -0.005407095, 1.0833321, 3.8146973e-06)
light_color = Color(0.5833256, 0.35571384, 3.85046e-07, 1)
omni_range = 3.0

[node name="torch10" type="CSGBox3D" parent="Blockout/Lighting" unique_id=643992189]
transform = Transform3D(-1, 0, 7.5710346e-08, 0, 1, 4.371139e-08, -7.5710346e-08, 4.371139e-08, -1, 0, 10.533, 21.566)
size = Vector3(0.25, 2, 0.25)

[node name="OmniLight3D" type="OmniLight3D" parent="Blockout/Lighting/torch10" unique_id=1076336221]
transform = Transform3D(1, 6.6188086e-15, 0, -3.3094043e-15, 1, 0, 0, 0, 1, -0.005407095, 1.0833321, 3.8146973e-06)
light_color = Color(0.5833256, 0.35571384, 3.85046e-07, 1)
omni_range = 3.0

[node name="House" type="Node3D" parent="." unique_id=1610931116]

[node name="Ceiling" parent="House" unique_id=544897850 instance=ExtResource("2_4lj41")]
transform = Transform3D(1, 0, 0, 0, 1, 0, 0, 0, 1, 8, 8.499999, 20)

[node name="Ceiling3" parent="House" unique_id=1746042897 instance=ExtResource("2_4lj41")]
transform = Transform3D(1, 0, 0, 0, 1, 0, 0, 0, 1, 8, 8.499999, 24)

[node name="Ceiling2" parent="House" unique_id=1861330056 instance=ExtResource("2_4lj41")]
transform = Transform3D(1, 0, 0, 0, 1, 0, 0, 0, 1, 4, 8.499999, 20)

[node name="Ceiling4" parent="House" unique_id=1585081898 instance=ExtResource("2_4lj41")]
transform = Transform3D(1, 0, 0, 0, 1, 0, 0, 0, 1, 4, 8.499999, 24)

[node name="Ceiling5" parent="House" unique_id=1297908665 instance=ExtResource("2_4lj41")]
transform = Transform3D(1, 0, 0, 0, 1, 0, 0, 0, 1, 0, 8.499999, 20)

[node name="Ceiling6" parent="House" unique_id=811761022 instance=ExtResource("2_4lj41")]
transform = Transform3D(1, 0, 0, 0, 1, 0, 0, 0, 1, 0, 8.499999, 24)

[node name="Ceiling7" parent="House" unique_id=265494038 instance=ExtResource("2_4lj41")]
transform = Transform3D(1, 0, 0, 0, 1, 0, 0, 0, 1, -4, 8.499999, 20)

[node name="Ceiling8" parent="House" unique_id=809877777 instance=ExtResource("2_4lj41")]
transform = Transform3D(1, 0, 0, 0, 1, 0, 0, 0, 1, -4, 8.499999, 24)

[node name="Ceiling9" parent="House" unique_id=1951247583 instance=ExtResource("2_4lj41")]
transform = Transform3D(1, 0, 0, 0, 1, 0, 0, 0, 1, -8, 8.499999, 20)

[node name="Ceiling10" parent="House" unique_id=1831924296 instance=ExtResource("2_4lj41")]
transform = Transform3D(1, 0, 0, 0, 1, 0, 0, 0, 1, -8, 8.499999, 24)

[node name="doorway wall" parent="House" unique_id=718129765 instance=ExtResource("3_j60wy")]
transform = Transform3D(-4.371139e-08, 0, 1, 0, 1, 0, -1, 0, -4.371139e-08, 10, 4.5, 22)

[node name="doorway wall2" parent="House" unique_id=732054106 instance=ExtResource("3_j60wy")]
transform = Transform3D(-4.371139e-08, 0, 1, 0, 1, 0, -1, 0, -4.371139e-08, -10, 4.5, 22)

[node name="wall corner" parent="House" unique_id=495490786 instance=ExtResource("5_t0ybu")]
transform = Transform3D(1, 0, 0, 0, 1, 0, 0, 0, 1, 10, 4.5, 18)

[node name="wall corner2" parent="House" unique_id=1171989110 instance=ExtResource("5_t0ybu")]
transform = Transform3D(-4.371139e-08, 0, -1, 0, 1, 0, 1, 0, -4.371139e-08, 10, 4.5, 26)

[node name="wall2" parent="House" unique_id=1146547151 instance=ExtResource("4_qgxqk")]
transform = Transform3D(-1, 0, -2.9802322e-08, 0, 1, 0, 2.9802322e-08, 0, -1, 6, 4.5, 18)

[node name="wall3" parent="House" unique_id=200024010 instance=ExtResource("4_qgxqk")]
transform = Transform3D(-1, 0, -2.9802322e-08, 0, 1, 0, 2.9802322e-08, 0, -1, 2, 4.5, 18)

[node name="wall4" parent="House" unique_id=1643207080 instance=ExtResource("4_qgxqk")]
transform = Transform3D(-1, 0, -2.9802322e-08, 0, 1, 0, 2.9802322e-08, 0, -1, -2, 4.5, 18)

[node name="wall5" parent="House" unique_id=542975329 instance=ExtResource("4_qgxqk")]
transform = Transform3D(-1, 0, -2.9802322e-08, 0, 1, 0, 2.9802322e-08, 0, -1, -6, 4.5, 18)

[node name="wall corner3" parent="House" unique_id=1691987079 instance=ExtResource("5_t0ybu")]
transform = Transform3D(-4.371139e-08, 0, 1, 0, 1, 0, -1, 0, -4.371139e-08, -10, 4.5, 18)

[node name="wall corner4" parent="House" unique_id=441363176 instance=ExtResource("5_t0ybu")]
transform = Transform3D(-1, 0, -8.742278e-08, 0, 1, 0, 8.742278e-08, 0, -1, -10, 4.5, 26)

[node name="wall6" parent="House" unique_id=885728156 instance=ExtResource("4_qgxqk")]
transform = Transform3D(1, 0, -5.7620454e-08, 0, 1, 0, 5.7620454e-08, 0, 1, -6, 4.5, 26)

[node name="wall7" parent="House" unique_id=1028879107 instance=ExtResource("4_qgxqk")]
transform = Transform3D(1, 0, -5.7620454e-08, 0, 1, 0, 5.7620454e-08, 0, 1, -2, 4.5, 26)

[node name="wall8" parent="House" unique_id=703327772 instance=ExtResource("4_qgxqk")]
transform = Transform3D(1, 0, -5.7620454e-08, 0, 1, 0, 5.7620454e-08, 0, 1, 2, 4.5, 26)

[node name="wall9" parent="House" unique_id=1466554320 instance=ExtResource("4_qgxqk")]
transform = Transform3D(1, 0, -5.7620454e-08, 0, 1, 0, 5.7620454e-08, 0, 1, 6, 4.5, 26)

[node name="wood floor" parent="House" unique_id=1221200510 instance=ExtResource("6_qgxqk")]
transform = Transform3D(1, 0, 0, 0, 1, 0, 0, 0, 1, 8, 4.45, 20)

[node name="wood floor2" parent="House" unique_id=507108055 instance=ExtResource("6_qgxqk")]
transform = Transform3D(1, 0, 0, 0, 1, 0, 0, 0, 1, 8, 4.45, 24)

[node name="wood floor3" parent="House" unique_id=551313279 instance=ExtResource("6_qgxqk")]
transform = Transform3D(1, 0, 0, 0, 1, 0, 0, 0, 1, 4, 4.45, 20)

[node name="wood floor4" parent="House" unique_id=651909251 instance=ExtResource("6_qgxqk")]
transform = Transform3D(1, 0, 0, 0, 1, 0, 0, 0, 1, 4, 4.45, 24)

[node name="wood floor5" parent="House" unique_id=587335879 instance=ExtResource("6_qgxqk")]
transform = Transform3D(1, 0, 0, 0, 1, 0, 0, 0, 1, 0, 4.45, 20)

[node name="wood floor6" parent="House" unique_id=1579783887 instance=ExtResource("6_qgxqk")]
transform = Transform3D(1, 0, 0, 0, 1, 0, 0, 0, 1, 0, 4.45, 24)

[node name="wood floor7" parent="House" unique_id=33377501 instance=ExtResource("6_qgxqk")]
transform = Transform3D(1, 0, 0, 0, 1, 0, 0, 0, 1, -4, 4.45, 20)

[node name="wood floor8" parent="House" unique_id=388229440 instance=ExtResource("6_qgxqk")]
transform = Transform3D(1, 0, 0, 0, 1, 0, 0, 0, 1, -4, 4.45, 24)

[node name="wood floor9" parent="House" unique_id=341931119 instance=ExtResource("6_qgxqk")]
transform = Transform3D(1, 0, 0, 0, 1, 0, 0, 0, 1, -8, 4.45, 20)

[node name="wood floor10" parent="House" unique_id=829537587 instance=ExtResource("6_qgxqk")]
transform = Transform3D(1, 0, 0, 0, 1, 0, 0, 0, 1, -8, 4.45, 24)

[node name="mounted torch" parent="House" unique_id=1584528256 instance=ExtResource("11_e6mo4")]
transform = Transform3D(2.9802322e-08, 0, -1, 0, 1, 0, 1, 0, 2.9802322e-08, -10.25, 6, 20.5)

[node name="mounted torch2" parent="House" unique_id=377280267 instance=ExtResource("11_e6mo4")]
transform = Transform3D(2.9802322e-08, 0, -1, 0, 1, 0, 1, 0, 2.9802322e-08, -10.25, 6, 23.449999)

[node name="mounted torch3" parent="House" unique_id=1712111068 instance=ExtResource("11_e6mo4")]
transform = Transform3D(-1.172251e-07, 0, 1, 0, 1, 0, -1, 0, -1.172251e-07, 10.25, 6, 23.449997)

[node name="mounted torch4" parent="House" unique_id=428304958 instance=ExtResource("11_e6mo4")]
transform = Transform3D(-1.172251e-07, 0, 1, 0, 1, 0, -1, 0, -1.172251e-07, 10.25, 6, 20.499998)

[node name="Ramphouse base" type="Node3D" parent="." unique_id=1978367863]

[node name="stone floor" parent="Ramphouse base" unique_id=985678379 instance=ExtResource("7_1b6n0")]
transform = Transform3D(1, 0, 0, 0, 1, 0, 0, 0, 1, 12, 4.1, 24)

[node name="stone floor2" parent="Ramphouse base" unique_id=1445966287 instance=ExtResource("7_1b6n0")]
transform = Transform3D(1, 0, 0, 0, 1, 0, 0, 0, 1, 12, 4.1, 20)

[node name="stone floor3" parent="Ramphouse base" unique_id=1268002190 instance=ExtResource("7_1b6n0")]
transform = Transform3D(1, 0, 0, 0, 1, 0, 0, 0, 1, 16, 4.1, 24)

[node name="stone floor4" parent="Ramphouse base" unique_id=662706010 instance=ExtResource("7_1b6n0")]
transform = Transform3D(1, 0, 0, 0, 1, 0, 0, 0, 1, 16, 4.1, 20)

[node name="stone floor5" parent="Ramphouse base" unique_id=1291157601 instance=ExtResource("7_1b6n0")]
transform = Transform3D(1, 0, 0, 0, 1, 0, 0, 0, 1, 20, 4.1, 24)

[node name="stone floor6" parent="Ramphouse base" unique_id=520284895 instance=ExtResource("7_1b6n0")]
transform = Transform3D(1, 0, 0, 0, 1, 0, 0, 0, 1, 20, 4.1, 20)

[node name="stone floor7" parent="Ramphouse base" unique_id=1271955677 instance=ExtResource("7_1b6n0")]
transform = Transform3D(1, 0, 0, 0, 1, 0, 0, 0, 1, 24, 4.1, 24)

[node name="stone floor8" parent="Ramphouse base" unique_id=1906502207 instance=ExtResource("7_1b6n0")]
transform = Transform3D(1, 0, 0, 0, 1, 0, 0, 0, 1, 24, 4.1, 20)

[node name="stone floor25" parent="Ramphouse base" unique_id=499896981 instance=ExtResource("7_1b6n0")]
transform = Transform3D(1, 0, 0, 0, 1, 0, 0, 0, 1, -4, 4.1, 24)

[node name="stone floor26" parent="Ramphouse base" unique_id=1532954556 instance=ExtResource("7_1b6n0")]
transform = Transform3D(1, 0, 0, 0, 1, 0, 0, 0, 1, -4, 4.1, 20)

[node name="stone floor33" parent="Ramphouse base" unique_id=1626851320 instance=ExtResource("7_1b6n0")]
transform = Transform3D(1, 0, 0, 0, 1, 0, 0, 0, 1, -8, 4.1, 24)

[node name="stone floor34" parent="Ramphouse base" unique_id=767345429 instance=ExtResource("7_1b6n0")]
transform = Transform3D(1, 0, 0, 0, 1, 0, 0, 0, 1, -8, 4.1, 20)

[node name="stone floor27" parent="Ramphouse base" unique_id=1709334941 instance=ExtResource("7_1b6n0")]
transform = Transform3D(1, 0, 0, 0, 1, 0, 0, 0, 1, 0, 4.1, 24)

[node name="stone floor28" parent="Ramphouse base" unique_id=685109498 instance=ExtResource("7_1b6n0")]
transform = Transform3D(1, 0, 0, 0, 1, 0, 0, 0, 1, 0, 4.1, 20)

[node name="stone floor29" parent="Ramphouse base" unique_id=1804762446 instance=ExtResource("7_1b6n0")]
transform = Transform3D(1, 0, 0, 0, 1, 0, 0, 0, 1, 4, 4.1, 24)

[node name="stone floor30" parent="Ramphouse base" unique_id=393973463 instance=ExtResource("7_1b6n0")]
transform = Transform3D(1, 0, 0, 0, 1, 0, 0, 0, 1, 4, 4.1, 20)

[node name="stone floor31" parent="Ramphouse base" unique_id=68246964 instance=ExtResource("7_1b6n0")]
transform = Transform3D(1, 0, 0, 0, 1, 0, 0, 0, 1, 8, 4.1, 24)

[node name="stone floor32" parent="Ramphouse base" unique_id=610605266 instance=ExtResource("7_1b6n0")]
transform = Transform3D(1, 0, 0, 0, 1, 0, 0, 0, 1, 8, 4.1, 20)

[node name="stone floor9" parent="Ramphouse base" unique_id=830465280 instance=ExtResource("7_1b6n0")]
transform = Transform3D(1, 0, 0, 0, 1, 0, 0, 0, 1, -24, 4.1, 24)

[node name="stone floor10" parent="Ramphouse base" unique_id=1747304349 instance=ExtResource("7_1b6n0")]
transform = Transform3D(1, 0, 0, 0, 1, 0, 0, 0, 1, -24, 4.1, 20)

[node name="stone floor11" parent="Ramphouse base" unique_id=1689627015 instance=ExtResource("7_1b6n0")]
transform = Transform3D(1, 0, 0, 0, 1, 0, 0, 0, 1, -20, 4.1, 24)

[node name="stone floor12" parent="Ramphouse base" unique_id=1610722817 instance=ExtResource("7_1b6n0")]
transform = Transform3D(1, 0, 0, 0, 1, 0, 0, 0, 1, -20, 4.1, 20)

[node name="stone floor13" parent="Ramphouse base" unique_id=1521153894 instance=ExtResource("7_1b6n0")]
transform = Transform3D(1, 0, 0, 0, 1, 0, 0, 0, 1, -16, 4.1, 24)

[node name="stone floor14" parent="Ramphouse base" unique_id=1085820532 instance=ExtResource("7_1b6n0")]
transform = Transform3D(1, 0, 0, 0, 1, 0, 0, 0, 1, -16, 4.1, 20)

[node name="stone floor15" parent="Ramphouse base" unique_id=270919726 instance=ExtResource("7_1b6n0")]
transform = Transform3D(1, 0, 0, 0, 1, 0, 0, 0, 1, -12, 4.1, 24)

[node name="stone floor16" parent="Ramphouse base" unique_id=343185652 instance=ExtResource("7_1b6n0")]
transform = Transform3D(1, 0, 0, 0, 1, 0, 0, 0, 1, -12, 4.1, 20)

[node name="stone floor35" parent="Ramphouse base" unique_id=792244825 instance=ExtResource("7_1b6n0")]
transform = Transform3D(1, 0, 0, 0, -1, -8.742278e-08, 0, 8.742278e-08, -1, 12, 3.9999979, 20)

[node name="stone floor36" parent="Ramphouse base" unique_id=1502281312 instance=ExtResource("7_1b6n0")]
transform = Transform3D(1, 0, 0, 0, -1, -8.742278e-08, 0, 8.742278e-08, -1, 12, 3.9999979, 24)

[node name="stone floor37" parent="Ramphouse base" unique_id=67533965 instance=ExtResource("7_1b6n0")]
transform = Transform3D(1, 0, 0, 0, -1, -8.742278e-08, 0, 8.742278e-08, -1, 16, 3.9999979, 20)

[node name="stone floor38" parent="Ramphouse base" unique_id=696193330 instance=ExtResource("7_1b6n0")]
transform = Transform3D(1, 0, 0, 0, -1, -8.742278e-08, 0, 8.742278e-08, -1, 16, 3.9999979, 24)

[node name="stone floor39" parent="Ramphouse base" unique_id=354350674 instance=ExtResource("7_1b6n0")]
transform = Transform3D(1, 0, 0, 0, -1, -8.742278e-08, 0, 8.742278e-08, -1, 20, 3.9999979, 20)

[node name="stone floor40" parent="Ramphouse base" unique_id=1407520444 instance=ExtResource("7_1b6n0")]
transform = Transform3D(1, 0, 0, 0, -1, -8.742278e-08, 0, 8.742278e-08, -1, 20, 3.9999979, 24)

[node name="stone floor41" parent="Ramphouse base" unique_id=311545307 instance=ExtResource("7_1b6n0")]
transform = Transform3D(1, 0, 0, 0, -1, -8.742278e-08, 0, 8.742278e-08, -1, 24, 3.9999979, 20)

[node name="stone floor42" parent="Ramphouse base" unique_id=353093038 instance=ExtResource("7_1b6n0")]
transform = Transform3D(1, 0, 0, 0, -1, -8.742278e-08, 0, 8.742278e-08, -1, 24, 3.9999979, 24)

[node name="stone floor43" parent="Ramphouse base" unique_id=1535875719 instance=ExtResource("7_1b6n0")]
transform = Transform3D(1, 0, 0, 0, -1, -8.742278e-08, 0, 8.742278e-08, -1, -4, 3.9999979, 20)

[node name="stone floor44" parent="Ramphouse base" unique_id=1071060096 instance=ExtResource("7_1b6n0")]
transform = Transform3D(1, 0, 0, 0, -1, -8.742278e-08, 0, 8.742278e-08, -1, -4, 3.9999979, 24)

[node name="stone floor45" parent="Ramphouse base" unique_id=404762393 instance=ExtResource("7_1b6n0")]
transform = Transform3D(1, 0, 0, 0, -1, -8.742278e-08, 0, 8.742278e-08, -1, -8, 3.9999979, 20)

[node name="stone floor46" parent="Ramphouse base" unique_id=1763330175 instance=ExtResource("7_1b6n0")]
transform = Transform3D(1, 0, 0, 0, -1, -8.742278e-08, 0, 8.742278e-08, -1, -8, 3.9999979, 24)

[node name="stone floor47" parent="Ramphouse base" unique_id=2007992983 instance=ExtResource("7_1b6n0")]
transform = Transform3D(1, 0, 0, 0, -1, -8.742278e-08, 0, 8.742278e-08, -1, 0, 3.9999979, 20)

[node name="stone floor48" parent="Ramphouse base" unique_id=1030645428 instance=ExtResource("7_1b6n0")]
transform = Transform3D(1, 0, 0, 0, -1, -8.742278e-08, 0, 8.742278e-08, -1, 0, 3.9999979, 24)

[node name="stone floor49" parent="Ramphouse base" unique_id=1054918282 instance=ExtResource("7_1b6n0")]
transform = Transform3D(1, 0, 0, 0, -1, -8.742278e-08, 0, 8.742278e-08, -1, 4, 3.9999979, 20)

[node name="stone floor50" parent="Ramphouse base" unique_id=802585573 instance=ExtResource("7_1b6n0")]
transform = Transform3D(1, 0, 0, 0, -1, -8.742278e-08, 0, 8.742278e-08, -1, 4, 3.9999979, 24)

[node name="stone floor51" parent="Ramphouse base" unique_id=1573240838 instance=ExtResource("7_1b6n0")]
transform = Transform3D(1, 0, 0, 0, -1, -8.742278e-08, 0, 8.742278e-08, -1, 8, 3.9999979, 20)

[node name="stone floor52" parent="Ramphouse base" unique_id=1279833615 instance=ExtResource("7_1b6n0")]
transform = Transform3D(1, 0, 0, 0, -1, -8.742278e-08, 0, 8.742278e-08, -1, 8, 3.9999979, 24)

[node name="stone floor53" parent="Ramphouse base" unique_id=1406387250 instance=ExtResource("7_1b6n0")]
transform = Transform3D(1, 0, 0, 0, -1, -8.742278e-08, 0, 8.742278e-08, -1, -24, 3.9999979, 20)

[node name="stone floor54" parent="Ramphouse base" unique_id=1051994919 instance=ExtResource("7_1b6n0")]
transform = Transform3D(1, 0, 0, 0, -1, -8.742278e-08, 0, 8.742278e-08, -1, -24, 3.9999979, 24)

[node name="stone floor55" parent="Ramphouse base" unique_id=238982642 instance=ExtResource("7_1b6n0")]
transform = Transform3D(1, 0, 0, 0, -1, -8.742278e-08, 0, 8.742278e-08, -1, -20, 3.9999979, 20)

[node name="stone floor56" parent="Ramphouse base" unique_id=869245517 instance=ExtResource("7_1b6n0")]
transform = Transform3D(1, 0, 0, 0, -1, -8.742278e-08, 0, 8.742278e-08, -1, -20, 3.9999979, 24)

[node name="stone floor57" parent="Ramphouse base" unique_id=1989094375 instance=ExtResource("7_1b6n0")]
transform = Transform3D(1, 0, 0, 0, -1, -8.742278e-08, 0, 8.742278e-08, -1, -16, 3.9999979, 20)

[node name="stone floor58" parent="Ramphouse base" unique_id=767825266 instance=ExtResource("7_1b6n0")]
transform = Transform3D(1, 0, 0, 0, -1, -8.742278e-08, 0, 8.742278e-08, -1, -16, 3.9999979, 24)

[node name="stone floor59" parent="Ramphouse base" unique_id=316201994 instance=ExtResource("7_1b6n0")]
transform = Transform3D(1, 0, 0, 0, -1, -8.742278e-08, 0, 8.742278e-08, -1, -12, 3.9999979, 20)

[node name="stone floor60" parent="Ramphouse base" unique_id=1640352796 instance=ExtResource("7_1b6n0")]
transform = Transform3D(1, 0, 0, 0, -1, -8.742278e-08, 0, 8.742278e-08, -1, -12, 3.9999979, 24)

[node name="arched window wall" parent="Ramphouse base" unique_id=806775751 instance=ExtResource("8_llcge")]
transform = Transform3D(1, 0, 0, 0, 1, 0, 0, 0, 1, 22, 0.5, 18)

[node name="arched window wall3" parent="Ramphouse base" unique_id=259550120 instance=ExtResource("8_llcge")]
transform = Transform3D(1, 0, 0, 0, 1, 0, 0, 0, 1, 14, 0.5, 18)

[node name="arched window wall5" parent="Ramphouse base" unique_id=287416208 instance=ExtResource("8_llcge")]
transform = Transform3D(1, 0, 0, 0, 1, 0, 0, 0, 1, 6, 0.5, 18)

[node name="arched window wall6" parent="Ramphouse base" unique_id=535069863 instance=ExtResource("8_llcge")]
transform = Transform3D(1, 0, 0, 0, 1, 0, 0, 0, 1, 2, 0.5, 18)

[node name="arched window wall7" parent="Ramphouse base" unique_id=1493844406 instance=ExtResource("8_llcge")]
transform = Transform3D(1, 0, 0, 0, 1, 0, 0, 0, 1, -2, 0.5, 18)

[node name="arched window wall8" parent="Ramphouse base" unique_id=2137725622 instance=ExtResource("8_llcge")]
transform = Transform3D(1, 0, 0, 0, 1, 0, 0, 0, 1, -6, 0.5, 18)

[node name="arched window wall10" parent="Ramphouse base" unique_id=366720519 instance=ExtResource("8_llcge")]
transform = Transform3D(1, 0, 0, 0, 1, 0, 0, 0, 1, -14, 0.5, 18)

[node name="arched window wall12" parent="Ramphouse base" unique_id=924093765 instance=ExtResource("8_llcge")]
transform = Transform3D(1, 0, 0, 0, 1, 0, 0, 0, 1, -22, 0.5, 18)

[node name="tsplit wall" parent="Ramphouse base" unique_id=785471834 instance=ExtResource("9_llcge")]
transform = Transform3D(-4.371139e-08, 0, 1, 0, 1, 0, -1, 0, -4.371139e-08, -26, 0.5, 18)

[node name="tsplit wall2" parent="Ramphouse base" unique_id=1234872416 instance=ExtResource("9_llcge")]
transform = Transform3D(-4.371139e-08, 0, -1, 0, 1, 0, 1, 0, -4.371139e-08, 26, 0.5, 18)

[node name="wall" parent="Ramphouse base" unique_id=1702681157 instance=ExtResource("4_qgxqk")]
transform = Transform3D(-4.371139e-08, 0, -1, 0, 1, 0, 1, 0, -4.371139e-08, 10, 0.35000002, 19.999998)

[node name="wall2" parent="Ramphouse base" unique_id=735789552 instance=ExtResource("4_qgxqk")]
transform = Transform3D(-4.371139e-08, 0, -1, 0, 1, 0, 1, 0, -4.371139e-08, 10, 0.35000002, 23.999998)

[node name="wall3" parent="Ramphouse base" unique_id=174371854 instance=ExtResource("4_qgxqk")]
transform = Transform3D(-1, 0, 8.742278e-08, 0, 1, 0, -8.742278e-08, 0, -1, 10, 0.5, 18)

[node name="wall4" parent="Ramphouse base" unique_id=2039764450 instance=ExtResource("4_qgxqk")]
transform = Transform3D(-4.371139e-08, 0, -1, 0, 1, 0, 1, 0, -4.371139e-08, -10, 0.35000002, 19.999998)

[node name="wall5" parent="Ramphouse base" unique_id=747018249 instance=ExtResource("4_qgxqk")]
transform = Transform3D(-4.371139e-08, 0, -1, 0, 1, 0, 1, 0, -4.371139e-08, -10, 0.35000002, 23.999998)

[node name="wall6" parent="Ramphouse base" unique_id=1466037714 instance=ExtResource("4_qgxqk")]
transform = Transform3D(-1, 0, 8.742278e-08, 0, 1, 0, -8.742278e-08, 0, -1, -10, 0.5, 18)

[node name="stone floor17" parent="Ramphouse base" unique_id=1569882824 instance=ExtResource("7_1b6n0")]
transform = Transform3D(1, 0, 0, 0, 0.9659258, 0.25881904, 0, -0.25881904, 0.9659258, -18, 3.5873976, 16.1)

[node name="stone floor18" parent="Ramphouse base" unique_id=1191871315 instance=ExtResource("7_1b6n0")]
transform = Transform3D(1, 0, 0, 0, 0.9659258, 0.25881904, 0, -0.25881904, 0.9659258, -18, 2.5523012, 12.234921)

[node name="stone floor19" parent="Ramphouse base" unique_id=574794274 instance=ExtResource("7_1b6n0")]
transform = Transform3D(1, 0, 0, 0, 0.9659258, 0.25881904, 0, -0.25881904, 0.9659258, -18, 1.5172482, 8.374169)

[node name="stone floor20" parent="Ramphouse base" unique_id=170735051 instance=ExtResource("7_1b6n0")]
transform = Transform3D(1, 0, 0, 0, 0.9659258, 0.25881904, 0, -0.25881904, 0.9659258, -18, 0.48670417, 4.5241694)

[node name="Pillar" parent="Ramphouse base" unique_id=149760831 instance=ExtResource("10_lwi15")]
transform = Transform3D(1, 0, 0, 0, 1, 0, 0, 0, 1, -16, 0.5, 18)

[node name="Pillar2" parent="Ramphouse base" unique_id=1259066504 instance=ExtResource("10_lwi15")]
transform = Transform3D(1, 0, 0, 0, 0.25881898, -0.9659258, 0, 0.9659258, 0.25881898, -16, 2.7, 13.9)

[node name="Pillar3" parent="Ramphouse base" unique_id=591669230 instance=ExtResource("10_lwi15")]
transform = Transform3D(1, 0, 0, 0, 0.25881898, -0.9659258, 0, 0.9659258, 0.25881898, -16, 1.6790779, 10.099999)

[node name="Pillar4" parent="Ramphouse base" unique_id=222305264 instance=ExtResource("10_lwi15")]
transform = Transform3D(1, 0, 0, 0, 0.25881898, -0.9659258, 0, 0.9659258, 0.25881898, -16, 0.643376, 6.2499995)

[node name="Pillar5" parent="Ramphouse base" unique_id=744879929 instance=ExtResource("10_lwi15")]
transform = Transform3D(1, 0, 0, 0, 0.25881898, -0.9659258, 0, 0.9659258, 0.25881898, -16, -0.39897108, 2.3999996)

[node name="wall7" parent="Ramphouse base" unique_id=1759004862 instance=ExtResource("4_qgxqk")]
transform = Transform3D(-4.371139e-08, 0, 1, -0.25881904, 0.9659258, -1.131334e-08, -0.9659258, -0.25881904, -4.222196e-08, -16, -0.5, 16.5)

[node name="wall8" parent="Ramphouse base" unique_id=409223612 instance=ExtResource("4_qgxqk")]
transform = Transform3D(-4.371139e-08, 0, 1, -0.25881904, 0.9659258, -1.131334e-08, -0.9659258, -0.25881904, -4.222196e-08, -16, -1.5, 12.650001)

[node name="wall9" parent="Ramphouse base" unique_id=1098498889 instance=ExtResource("4_qgxqk")]
transform = Transform3D(-4.371139e-08, 0, 1, -0.25881904, 0.9659258, -1.131334e-08, -0.9659258, -0.25881904, -4.222196e-08, -16, -2.5, 8.849999)

[node name="Pillar6" parent="Ramphouse base" unique_id=1769802343 instance=ExtResource("10_lwi15")]
transform = Transform3D(1, 0, 0, 0, 1, 0, 0, 0, 1, -20, 0.5, 18)

[node name="Pillar7" parent="Ramphouse base" unique_id=1187011568 instance=ExtResource("10_lwi15")]
transform = Transform3D(1, 0, 0, 0, 0.25881898, -0.9659258, 0, 0.9659258, 0.25881898, -20, 2.7, 13.9)

[node name="Pillar8" parent="Ramphouse base" unique_id=740600693 instance=ExtResource("10_lwi15")]
transform = Transform3D(1, 0, 0, 0, 0.25881898, -0.9659258, 0, 0.9659258, 0.25881898, -20, 1.6790779, 10.099999)

[node name="Pillar9" parent="Ramphouse base" unique_id=1607280796 instance=ExtResource("10_lwi15")]
transform = Transform3D(1, 0, 0, 0, 0.25881898, -0.9659258, 0, 0.9659258, 0.25881898, -20, 0.643376, 6.2499995)

[node name="Pillar10" parent="Ramphouse base" unique_id=770132347 instance=ExtResource("10_lwi15")]
transform = Transform3D(1, 0, 0, 0, 0.25881898, -0.9659258, 0, 0.9659258, 0.25881898, -20, -0.39897108, 2.3999996)

[node name="wall10" parent="Ramphouse base" unique_id=427668913 instance=ExtResource("4_qgxqk")]
transform = Transform3D(-4.371139e-08, 0, 1, -0.25881904, 0.9659258, -1.131334e-08, -0.9659258, -0.25881904, -4.222196e-08, -20, -0.5, 16.5)

[node name="wall11" parent="Ramphouse base" unique_id=735659710 instance=ExtResource("4_qgxqk")]
transform = Transform3D(-4.371139e-08, 0, 1, -0.25881904, 0.9659258, -1.131334e-08, -0.9659258, -0.25881904, -4.222196e-08, -20, -1.5, 12.650001)

[node name="wall12" parent="Ramphouse base" unique_id=2074644549 instance=ExtResource("4_qgxqk")]
transform = Transform3D(-4.371139e-08, 0, 1, -0.25881904, 0.9659258, -1.131334e-08, -0.9659258, -0.25881904, -4.222196e-08, -20, -2.5, 8.849999)

[node name="Pillar11" parent="Ramphouse base" unique_id=683583190 instance=ExtResource("10_lwi15")]
transform = Transform3D(1, 0, 0, 0, 1, 0, 0, 0, 1, -16, 0.5, 18)

[node name="Pillar12" parent="Ramphouse base" unique_id=595011160 instance=ExtResource("10_lwi15")]
transform = Transform3D(1, 0, 0, 0, 0.25881898, -0.9659258, 0, 0.9659258, 0.25881898, -16, 2.7, 13.9)

[node name="Pillar13" parent="Ramphouse base" unique_id=699228913 instance=ExtResource("10_lwi15")]
transform = Transform3D(1, 0, 0, 0, 0.25881898, -0.9659258, 0, 0.9659258, 0.25881898, -16, 1.6790779, 10.099999)

[node name="Pillar14" parent="Ramphouse base" unique_id=1834150156 instance=ExtResource("10_lwi15")]
transform = Transform3D(1, 0, 0, 0, 0.25881898, -0.9659258, 0, 0.9659258, 0.25881898, -16, 0.643376, 6.2499995)

[node name="Pillar15" parent="Ramphouse base" unique_id=1813255964 instance=ExtResource("10_lwi15")]
transform = Transform3D(1, 0, 0, 0, 0.25881898, -0.9659258, 0, 0.9659258, 0.25881898, -16, -0.39897108, 2.3999996)

[node name="wall13" parent="Ramphouse base" unique_id=1278987782 instance=ExtResource("4_qgxqk")]
transform = Transform3D(-4.371139e-08, 0, 1, -0.25881904, 0.9659258, -1.131334e-08, -0.9659258, -0.25881904, -4.222196e-08, -16, -0.5, 16.5)

[node name="wall14" parent="Ramphouse base" unique_id=1034968221 instance=ExtResource("4_qgxqk")]
transform = Transform3D(-4.371139e-08, 0, 1, -0.25881904, 0.9659258, -1.131334e-08, -0.9659258, -0.25881904, -4.222196e-08, -16, -1.5, 12.650001)

[node name="wall15" parent="Ramphouse base" unique_id=1396875929 instance=ExtResource("4_qgxqk")]
transform = Transform3D(-4.371139e-08, 0, 1, -0.25881904, 0.9659258, -1.131334e-08, -0.9659258, -0.25881904, -4.222196e-08, -16, -2.5, 8.849999)

[node name="Pillar16" parent="Ramphouse base" unique_id=1037351758 instance=ExtResource("10_lwi15")]
transform = Transform3D(1, 0, 0, 0, 1, 0, 0, 0, 1, -20, 0.5, 18)

[node name="Pillar17" parent="Ramphouse base" unique_id=1488873543 instance=ExtResource("10_lwi15")]
transform = Transform3D(1, 0, 0, 0, 0.25881898, -0.9659258, 0, 0.9659258, 0.25881898, -20, 2.7, 13.9)

[node name="Pillar18" parent="Ramphouse base" unique_id=582194708 instance=ExtResource("10_lwi15")]
transform = Transform3D(1, 0, 0, 0, 0.25881898, -0.9659258, 0, 0.9659258, 0.25881898, -20, 1.6790779, 10.099999)

[node name="Pillar19" parent="Ramphouse base" unique_id=468300729 instance=ExtResource("10_lwi15")]
transform = Transform3D(1, 0, 0, 0, 0.25881898, -0.9659258, 0, 0.9659258, 0.25881898, -20, 0.643376, 6.2499995)

[node name="Pillar20" parent="Ramphouse base" unique_id=916485441 instance=ExtResource("10_lwi15")]
transform = Transform3D(1, 0, 0, 0, 0.25881898, -0.9659258, 0, 0.9659258, 0.25881898, -20, -0.39897108, 2.3999996)

